1	8362
2	700
3	556
4	582
5	721
6	575
7	591
8	570
9	560
10	554
11	588
12	616
13	556
14	578
15	578
16	603
17	571
18	558
19	613
20	655
21	644
22	578
23	587
24	569
25	625
26	579
27	636
28	665
29	709
30	689
31	722
32	601
33	592
34	576
35	636
36	621
37	617
38	611
39	677
40	632
41	643
42	648
43	649
44	7302
45	564
46	567
47	659
48	566
49	627
50	587
51	599
52	598
53	568
54	601
55	607
56	594
57	602
58	620
59	615
60	608
61	796
62	653
63	730
64	750
65	646
66	682
67	738
68	650
69	658
70	653
71	674
72	661
73	683
74	720
75	695
76	696
77	763
78	750
79	690
80	792
81	704
82	677
83	721
84	736
85	815
86	730
87	699
88	578
89	599
90	581
91	579
92	581
93	579
94	629
95	757
96	569
97	589
98	595
99	598
100	694
101	579
102	540
103	584
104	587
105	620
106	585
107	636
108	582
109	709
110	650
111	680
112	670
113	672
114	605
115	631
116	647
117	723
118	592
119	650
120	572
121	605
122	617
123	607
124	651
125	715
126	672
127	661
128	619
129	676
130	606
131	603
132	691
133	616
134	607
135	633
136	811
137	599
138	623
139	678
140	647
141	601
142	668
143	628
144	629
145	644
146	648
147	663
148	628
149	732
150	740
151	653
152	653
153	729
154	645
155	627
156	642
157	645
158	722
159	646
160	678
161	640
162	687
163	761
164	655
165	658
166	656
167	669
168	673
169	689
170	826
171	747
172	722
173	661
174	651
175	676
176	649
177	680
178	662
179	682
180	682
181	693
182	745
183	9081
184	678
185	676
186	688
187	695
188	720
189	758
190	682
191	793
192	683
193	852
194	782
195	750
196	845
197	700
198	698
199	725
200	724
201	814
202	773
203	719
204	793
205	705
206	710
207	805
208	716
209	723
210	722
211	718
212	706
213	712
214	802
215	728
216	753
217	749
218	732
219	713
220	743
221	819
222	679
223	809
224	735
225	742
226	789
227	737
228	743
229	831
230	870
231	745
232	753
233	740
234	748
235	759
236	741
237	732
238	784
239	756
240	774
241	758
242	758
243	736
244	794
245	764
246	835
247	768
248	753
249	791
250	740
251	786
252	773
253	784
254	751
255	795
256	757
257	846
258	785
259	767
260	864
261	792
262	786
263	780
264	779
265	776
266	762
267	854
268	886
269	780
270	853
271	7515
272	913
273	828
274	800
275	778
276	831
277	740
278	775
279	839
280	779
281	806
282	811
283	802
284	912
285	973
286	822
287	823
288	828
289	794
290	938
291	855
292	793
293	801
294	868
295	831
296	833
297	733
298	856
299	853
300	910
301	899
302	850
303	898
304	885
305	925
306	877
307	891
308	930
309	904
310	857
311	920
312	868
313	889
314	906
315	885
316	966
317	950
318	890
319	894
320	912
321	945
322	936
323	919
324	927
325	1106
326	1000
327	976
328	914
329	915
330	909
331	911
332	934
333	933
334	903
335	914
336	933
337	936
338	977
339	984
340	917
341	980
342	939
343	961
344	929
345	918
346	951
347	924
348	934
349	998
350	936
351	929
352	945
353	1020
354	1045
355	938
356	942
357	993
358	1019
359	1044
360	1013
361	1025
362	1035
363	1017
364	969
365	946
366	984
367	989
368	1007
369	982
370	1001
371	1092
372	976
373	994
374	976
375	967
376	972
377	979
378	975
379	974
380	989
381	997
382	1060
383	1073
384	1070
385	1029
386	1022
387	1003
388	1120
389	1086
390	1118
391	1044
392	1057
393	1054
394	1076
395	1043
396	1042
397	1051
398	1057
399	1089
400	1042
401	1104
402	1033
403	1054
404	1062
405	1058
406	1051
407	1049
408	1051
409	1075
410	1142
411	4775
412	1140
413	1161
414	1231
415	1100
416	1178
417	1089
418	1105
419	1089
420	1071
421	1089
422	1138
423	1148
424	1077
425	1074
426	1078
427	1172
428	1086
429	1152
430	1112
431	1105
432	1099
433	1155
434	1119
435	1167
436	1118
437	1099
438	1110
439	1122
440	1163
441	1146
442	1350
443	1078
444	1090
445	1089
446	1076
447	1093
448	1130
449	1091
450	1087
451	1097
452	1094
453	1087
454	1108
455	1100
456	1134
457	7777
458	1128
459	1118
460	1093
461	1132
462	1234
463	1137
464	1140
465	1158
466	1158
467	1156
468	1159
469	1204
470	1246
471	1144
472	1267
473	1314
474	1233
475	1318
476	1152
477	1152
478	1212
479	1141
480	1163
481	1258
482	1154
483	1163
484	1185
485	1176
486	1376
487	1298
488	1300
489	1312
490	1201
491	1209
492	1186
493	1193
494	1191
495	1283
496	1219
497	1330
498	1210
499	1297
500	1238
501	1227
502	1231
503	16027
504	1235
505	1370
506	1260
507	1227
508	1273
509	1216
510	1303
511	1296
512	1234
513	1240
514	1259
515	1322
516	1280
517	1279
518	1238
519	1245
520	1254
521	1275
522	1288
523	1298
524	1325
525	1275
526	1293
527	1326
528	1374
529	1292
530	1268
531	1277
532	1273
533	1301
534	1306
535	1298
536	1277
537	1319
538	1303
539	1356
540	1363
541	1310
542	1369
543	1370
544	1320
545	1302
546	1416
547	1359
548	1366
549	1331
550	1363
551	1296
552	1341
553	1374
554	1379
555	1365
556	1346
557	1360
558	1358
559	1376
560	1337
561	1481
562	1313
563	1382
564	1347
565	1340
566	1384
567	1372
568	1338
569	1388
570	1334
571	1334
572	1439
573	1427
574	1392
575	1358
576	1367
577	1406
578	1420
579	1374
580	1371
581	1368
582	1398
583	1371
584	1401
585	1443
586	1423
587	1429
588	1415
589	1416
590	1464
591	1451
592	1496
593	1461
594	1405
595	1382
596	1408
597	1458
598	1414
599	1417
600	1416
601	1397
602	1410
603	1498
604	1422
605	1407
606	1393
607	1473
608	1557
609	1489
610	1480
611	1456
612	1419
613	1420
614	1411
615	1453
616	1482
617	1429
618	1436
619	1453
620	1460
621	1495
622	1491
623	1439
624	1529
625	1536
626	1500
627	1715
628	1461
629	1452
630	1489
631	1548
632	1592
633	1498
634	1512
635	1473
636	1485
637	1550
638	1605
639	1515
640	1503
641	1474
642	1559
643	1510
644	1512
645	1579
646	1502
647	1505
648	1503
649	1564
650	1549
651	1529
652	1532
653	1603
654	1567
655	1497
656	1602
657	1519
658	1546
659	1578
660	1589
661	1558
662	1555
663	1553
664	1618
665	1558
666	1527
667	1531
668	1597
669	1532
670	1522
671	1539
672	1556
673	1539
674	1560
675	1626
676	1560
677	1738
678	1586
679	1556
680	1559
681	1647
682	1620
683	1636
684	1594
685	1587
686	1600
687	10213
688	1592
689	1607
690	1576
691	1582
692	1589
693	1660
694	1588
695	1621
696	1583
697	1580
698	1592
699	1618
700	1617
701	1622
702	1684
703	1600
704	1595
705	1658
706	1661
707	1667
708	1683
709	1652
710	1626
711	1635
712	1669
713	1671
714	1628
715	1658
716	1645
717	1707
718	1620
719	1673
720	1637
721	1667
722	1731
723	1678
724	1727
725	1732
726	2823
727	1631
728	1778
729	1721
730	1691
731	1642
732	1636
733	1699
734	1713
735	1643
736	1661
737	1657
738	1670
739	1638
740	1669
741	1672
742	1685
743	1684
744	1670
745	1785
746	1757
747	1716
748	1737
749	1750
750	1684
751	1683
752	1692
753	1672
754	1689
755	1668
756	1685
757	1746
758	1694
759	1675
760	1695
761	1694
762	1689
763	1706
764	1702
765	1695
766	1691
767	1697
768	1770
769	1817
770	1725
771	1725
772	1714
773	1704
774	1752
775	1738
776	1725
777	1732
778	1827
779	1773
780	1795
781	1766
782	1731
783	1772
784	1772
785	1825
786	1835
787	1755
788	1744
789	1746
790	1783
791	1751
792	1780
793	1766
794	1784
795	1774
796	1773
797	1794
798	1776
799	1777
800	1766
801	1771
802	1769
803	1794
804	1781
805	1790
806	1856
807	1816
808	1819
809	1802
810	1796
811	1787
812	1811
813	1882
814	1883
815	1795
816	1843
817	1834
818	1957
819	1856
820	1941
821	1850
822	1833
823	1829
824	1831
825	1820
826	1841
827	1830
828	1828
829	1862
830	1840
831	1864
832	1916
833	1837
834	1852
835	1852
836	1847
837	1858
838	1858
839	1897
840	1864
841	1861
842	1863
843	1857
844	1881
845	1881
846	1859
847	1862
848	1875
849	1875
850	1890
851	1966
852	1896
853	1891
854	1881
855	1886
856	2087
857	1968
858	1910
859	1878
860	1896
861	1905
862	1876
863	1873
864	1901
865	1898
866	1950
867	1929
868	2013
869	1914
870	1928
871	1928
872	1933
873	1942
874	1937
875	1989
876	1968
877	1998
878	1957
879	1944
880	1956
881	1935
882	1927
883	1935
884	1936
885	1940
886	1947
887	1951
888	2069
889	1993
890	1954
891	1948
892	1957
893	1967
894	1992
895	1979
896	2009
897	1965
898	1963
899	2016
900	2036
901	1988
902	2108
903	1987
904	1992
905	2006
906	2023
907	2029
908	2031
909	2051
910	2021
911	2136
912	2005
913	1997
914	2072
915	2071
916	1995
917	2017
918	2074
919	2020
920	2038
921	2042
922	2043
923	2052
924	2037
925	2134
926	2053
927	2055
928	2103
929	2064
930	2123
931	2106
932	2064
933	2051
934	2049
935	2054
936	2062
937	2060
938	2062
939	2055
940	2058
941	2068
942	2080
943	2056
944	2117
945	2060
946	2066
947	2085
948	2083
949	2085
950	2078
951	2154
952	2082
953	2084
954	2309
955	2154
956	2088
957	2089
958	2074
959	2145
960	2076
961	2090
962	2097
963	2112
964	2109
965	2115
966	2113
967	2108
968	2122
969	2117
970	2153
971	2151
972	2129
973	2125
974	2144
975	2141
976	2204
977	2139
978	2138
979	2206
980	2244
981	2134
982	2140
983	2140
984	2163
985	2151
986	2328
987	2180
988	2173
989	2258
990	2170
991	2167
992	2224
993	2177
994	2318
995	2219
996	2221
997	2193
998	2182
999	2196
1000	2176
1001	2177
1002	2174
1003	2174
1004	2153
1005	2152
1006	2135
1007	2292
1008	2224
1009	2291
1010	2207
1011	2219
1012	2226
1013	2264
1014	2216
1015	2311
1016	2238
1017	2212
1018	2205
1019	2194
1020	2233
1021	2254
1022	2236
1023	2236
1024	2231
102 is lowest, time: 	540
